1330
0
0
0
0
0
0
0
0
0
0
0
1
1
3
40
146
343
292
290
306
326
310
291
292
314
287
261
219
231
220
207
232
203
192
187
165
166
159
158
155
163
130
133
139
157
130
111
138
118
92
105
103
101
99
96
88
74
71
87
84
74
66
61
61
65
57
39
51
49
43
58
44
30
40
37
31
24
39
17
26
31
28
19
23
16
12
11
20
17
8
12
11
12
10
4
11
9
4
5
6
5
6
2
4
4
1
1
2
3
4
1
1
0
1
1
1
0
1
0
0
0
0
0
0
0
1
0
0
0
0
0
0
0
0
0
0
0
0
0
0
0
0
0
0
0
0
0
0
0
0
0
0
2
0
0
0
0
0
1
0
0
0
0
0
0
0
0
0
0
0
0
0
0
0
0
0
0
0
0
0
0
0
0
0
0
0
0
0
0
0
0
0
0
0
0
0
0
0
0
0
0
0
0
0
0
0
0
0
0
0
0
0
0
0
0
0
0
0
0
0
0
0
0
0
0
0
0
0
0
0
0
0
0
0
0
0
0
0
0
0
0
0
0
0
0
0
0
0
0
0
0
0
0
0
0
0
0
0
0
0
0
0
0
0
0
0
0
0
0
0
0
0
0
0
0
0
0
0
0
0
0
0
0
0
0
0
0
0
0
0
0
0
0
0
0
0
0
0
0
0
0
0
0
0
0
0
0
0
0
0
0
0
0
0
0
0
0
0
0
0
0
0
0
0
0
0
0
0
0
0
0
0
0
0
0
0
0
0
0
0
0
0
0
0
0
0
0
0
0
0
0
0
0
0
0
0
0
0
0
0
0
0
0
0
0
0
0
0
0
0
0
0
0
0
0
0
0
0
1
0
0
0
0
0
0
0
0
0
0
0
0
0
0
0
0
0
0
0
0
0
0
0
0
0
0
0
1
0
0
0
1
0
0
0
0
1
0
0
0
0
0
0
0
0
0
0
0
0
0
0
0
0
0
0
0
0
0
0
0
0
0
0
0
0
0
0
0
0
0
0
0
0
0
0
0
0
0
0
0
0
0
0
0
0
0
0
0
0
0
0
0
0
0
0
1
0
0
0
0
0
0
0
0
0
0
0
0
0
0
0
0
0
0
0
0
0
0
0
0
0
0
0
0
0
0
0
0
0
1
0
0
0
0
39
55
40
44
65
106
198
511
674
744
828
860
858
893
974
981
1025
1007
923
1025
1022
1082
944
974
1008
939
998
1061
1008
1041
1032
991
1065
941
995
979
973
934
896
925
875
909
876
892
873
878
868
948
1062
1179
1180
1161
1159
1111
1082
986
988
949
952
831
793
744
713
741
694
672
699
703
679
627
641
666
637
595
629
590
574
544
534
493
505
524
516
540
475
521
494
484
453
498
487
484
462
464
462
464
438
426
465
453
459
442
412
401
408
446
448
413
427
433
438
441
419
425
406
390
396
413
432
396
422
414
380
393
407
396
420
387
365
408
375
371
401
405
405
373
345
363
357
365
379
398
381
366
367
361
364
371
357
373
353
382
369
404
367
345
360
362
354
380
373
368
365
358
370
379
373
395
372
382
372
384
353
378
381
364
357
346
389
400
430
398
386
381
382
370
395
405
385
415
413
420
385
385
421
417
450
406
398
421
430
422
405
468
388
405
432
435
429
335
364
350
331
313
321
305
316
288
282
272
264
285
272
253
234
257
246
262
236
260
243
241
237
258
249
236
240
240
243
227
229
212
194
202
191
218
189
173
171
191
176
180
192
218
238
269
241
242
263
233
192
182
191
173
145
145
153
112
100
85
78
74
56
53
63
59
50
45
50
60
57
58
64
82
79
79
90
109
128
130
128
130
142
141
145
120
126
115
102
84
76
82
64
54
52
47
38
34
33
35
20
24
19
18
26
23
18
15
8
10
15
12
14
23
16
9
8
7
8
7
5
5
10
11
6
6
4
6
7
5
5
5
2
3
4
3
4
2
2
2
4
2
3
4
5
2
1
3
1
2
2
0
2
0
2
2
1
2
1
1
1
1
0
2
2
2
0
2
0
1
1
1
1
1
0
0
0
0
1
2
1
0
0
0
0
0
0
0
1
0
1
0
2
0
0
0
0
1
1
0
0
0
0
0
0
0
0
1
0
1
0
0
1
0
0
0
0
0
0
1
0
0
0
0
0
0
1
0
0
0
0
0
0
0
1
0
0
0
0
0
0
0
0
0
0
0
0
0
0
0
0
0
0
0
0
0
0
1
0
0
0
0
0
0
0
0
0
0
0
0
1
0
0
0
0
0
0
0
0
0
0
0
0
1
0
0
1
0
0
0
0
0
0
0
0
0
0
0
0
0
