909
0
0
0
0
0
0
0
0
0
0
0
0
1
1
2
24
82
88
53
70
111
118
78
81
77
73
71
74
72
59
62
60
64
40
51
64
55
31
52
48
34
35
38
34
36
37
24
23
31
33
33
16
10
13
15
11
13
4
7
5
1
6
2
0
0
4
1
2
2
0
2
1
7
2
0
1
1
2
1
0
2
1
0
0
0
0
3
0
1
1
0
0
0
0
0
1
0
0
0
1
0
0
1
0
0
1
0
0
0
0
0
1
0
0
0
0
0
0
0
0
0
1
0
0
0
2
0
1
0
0
0
0
0
0
0
0
0
0
0
1
0
0
0
0
0
0
0
0
0
0
0
0
1
0
0
0
0
0
0
0
0
0
0
0
0
0
0
0
0
0
0
0
0
0
0
0
0
0
0
0
0
0
0
0
0
0
0
0
0
0
0
0
0
0
0
0
0
0
0
0
0
0
0
0
0
0
0
0
0
0
0
0
0
0
0
0
0
0
0
0
0
0
0
0
0
0
0
0
0
0
0
0
0
0
0
0
0
0
1
0
0
0
0
0
0
0
0
0
0
0
0
0
0
0
0
0
0
0
0
0
0
0
0
0
0
0
0
0
0
0
0
0
0
0
0
0
0
0
0
0
0
0
0
0
0
0
0
0
0
0
0
0
0
0
0
0
0
0
0
0
0
0
0
0
0
0
0
0
0
0
0
0
0
0
0
0
0
0
0
0
0
0
0
0
0
0
0
0
0
0
0
0
0
1
0
0
0
0
0
0
0
0
0
0
0
0
0
0
0
0
0
0
0
0
0
0
0
0
0
0
0
0
0
0
0
0
0
0
0
0
0
0
0
0
0
0
0
0
0
0
0
0
0
0
0
0
0
0
0
0
0
0
0
0
0
0
0
0
0
0
0
0
0
0
0
0
0
0
0
0
0
0
0
0
0
0
0
0
0
1
0
0
0
0
0
0
0
0
0
0
0
0
0
0
0
0
0
0
0
0
0
0
0
0
0
0
0
0
0
0
0
0
0
0
0
0
0
0
0
0
0
0
0
0
0
0
0
0
0
1
0
0
0
0
0
0
0
0
0
0
0
0
0
0
0
0
0
0
0
0
0
0
1
0
0
0
0
0
0
0
0
0
0
0
0
0
1
0
1
1
0
0
0
22
39
28
24
28
49
65
122
308
366
419
481
483
495
520
549
591
534
533
550
522
575
526
593
583
594
595
628
604
675
631
616
682
605
577
616
601
603
584
591
638
721
746
803
883
811
790
713
702
694
600
561
508
452
430
436
423
374
444
401
376
386
370
372
394
354
341
329
345
328
312
305
318
312
318
310
319
307
305
301
283
298
284
285
309
329
318
325
311
306
318
316
329
336
336
348
357
353
359
337
327
288
298
276
265
222
180
148
122
95
95
79
79
62
52
51
55
60
39
38
42
40
29
27
28
30
26
23
29
23
15
20
28
29
35
46
59
93
133
178
229
309
400
493
530
609
586
562
484
433
378
282
218
196
137
105
71
55
34
32
24
28
20
15
12
15
11
13
14
11
10
11
7
8
5
3
3
4
3
3
3
3
4
0
0
0
0
0
1
0
2
1
0
0
0
0
0
1
1
1
0
0
1
1
0
0
0
0
0
0
2
1
0
0
0
0
0
0
0
1
0
0
0
2
0
0
0
1
2
0
1
0
0
0
0
0
0
1
0
0
0
0
0
1
0
0
0
0
0
0
0
0
0
0
0
0
0
0
0
0
0
0
0
0
0
0
0
0
0
0
0
0
0
0
0
0
0
0
0
0
0
0
0
0
0
0
0
0
0
0
0
0
1
0
0
0
0
0
0
0
0
0
0
0
0
0
0
0
0
0
0
0
0
0
0
0
0
0
0
0
0
0
0
0
0
0
0
0
0
0
0
0
0
0
0
1
0
0
0
0
0
0
0
0
0
1
0
0
0
0
0
0
0
0
0
0
0
0
0
0
0
0
0
0
0
0
0
0
0
0
0
0
0
0
0
1
0
0
0
0
0
0
0
0
0
0
0
0
0
0
0
0
0
0
0
0
0
0
0
0
0
0
0
0
1
0
0
0
0
0
1
0
0
0
0
0
0
0
0
0
0
0
0
0
0
0
0
0
0
0
0
0
0
0
0
0
0
0
0
0
0
0
0
0
0
0
0
0
0
0
0
0
0
0
0
0
0
0
0
0
0
0
1
0
0
0
0
0
0
0
0
0
0
0
0
0
0
0
0
0
0
0
0
0
1
0
0
0
0
0
0
0
0
0
0
0
3
1
0
0
0
0
0
0
0
0
0
0
0
0
