14857
0
0
0
0
0
0
0
0
0
0
0
2
1
1
7
27
110
111
93
262
416
341
346
336
353
345
356
335
322
337
299
305
262
235
283
275
222
223
193
209
192
208
161
178
155
162
149
138
129
122
122
117
108
105
81
95
77
89
83
75
79
70
74
70
54
47
54
50
46
42
35
40
47
39
28
41
26
35
25
33
23
17
32
26
30
20
18
16
18
21
15
13
15
13
16
11
13
7
13
11
5
7
12
4
4
9
8
7
6
3
5
2
8
6
3
6
4
2
6
5
5
3
7
3
2
4
4
0
1
2
2
4
0
1
1
2
4
0
0
2
2
2
0
3
0
0
1
2
0
0
2
0
0
1
1
1
0
2
0
1
0
0
1
0
0
1
0
0
1
0
0
0
1
0
1
0
1
0
1
0
2
0
0
1
0
0
0
0
0
0
0
0
1
0
0
0
0
0
0
0
1
0
0
0
0
0
2
1
0
0
0
0
1
0
0
0
0
0
0
0
0
0
0
0
1
0
0
0
0
0
0
0
0
0
0
0
0
0
0
0
0
0
0
0
0
0
0
0
0
0
0
0
1
0
0
0
0
0
0
0
0
0
0
0
0
0
0
0
0
0
0
0
0
0
1
0
0
1
0
0
0
0
0
0
0
0
0
0
0
0
0
0
1
0
0
0
0
0
0
0
0
0
0
0
0
0
0
0
0
1
0
0
0
1
0
0
0
1
0
1
0
0
0
0
1
1
0
0
0
0
0
0
0
0
0
0
0
0
1
0
0
0
0
0
0
0
0
0
0
0
0
1
0
0
1
0
0
0
0
0
0
0
0
0
0
0
0
0
0
0
0
0
0
0
0
0
1
0
1
0
0
0
0
0
1
0
0
0
0
0
0
0
2
0
0
0
1
1
0
0
0
0
1
0
0
0
1
0
1
0
0
0
1
0
1
0
0
0
0
0
1
0
0
0
0
0
1
0
0
0
0
1
1
1
0
1
0
0
1
0
0
0
0
0
0
0
0
0
2
0
0
0
0
0
0
0
1
0
1
0
1
1
0
0
1
0
0
2
0
1
0
1
1
1
0
0
1
2
0
3
0
1
0
1
1
0
1
0
1
0
2
1
0
0
1
1
1
1
1
1
0
1
2
2
0
1
3
1
0
1
1
0
0
7
13
8
8
10
16
37
119
171
201
220
306
322
419
515
604
753
728
704
751
728
721
696
687
666
589
572
570
481
504
465
394
415
377
339
324
294
260
221
230
198
193
188
181
173
126
142
135
127
126
108
106
101
102
82
81
65
63
69
57
54
55
49
51
51
43
41
42
40
34
33
34
24
34
36
24
29
20
16
20
19
24
16
18
18
15
15
12
15
16
16
13
14
10
9
10
16
13
12
15
8
7
14
9
9
17
14
7
12
7
10
11
9
12
8
5
8
6
8
8
8
10
10
11
7
7
8
5
9
10
6
10
8
5
3
3
6
5
7
4
5
5
8
5
5
3
5
6
5
5
2
2
7
2
4
5
5
3
3
5
3
7
3
4
4
4
1
6
7
5
2
6
3
6
3
2
3
3
2
2
3
5
2
5
6
1
2
4
4
5
8
5
5
5
5
2
2
2
5
4
6
2
1
3
4
4
2
2
2
1
2
2
1
3
2
4
1
1
0
3
0
2
3
3
0
1
5
2
3
2
1
1
1
3
3
4
0
0
0
2
2
3
2
1
1
1
2
2
3
0
1
2
2
3
5
4
2
2
2
1
2
2
2
1
2
1
2
1
1
1
2
0
1
0
1
0
1
0
0
0
1
3
2
2
0
1
1
1
2
0
1
1
0
1
0
0
0
2
1
0
0
1
2
2
0
0
1
0
1
0
2
1
0
1
0
0
1
1
2
1
2
1
1
1
1
1
0
1
0
2
1
0
0
0
1
0
0
0
0
1
1
0
0
1
2
3
0
0
0
0
0
1
0
1
1
0
0
1
3
2
1
1
0
1
1
1
0
0
0
0
1
1
1
0
0
0
0
0
0
1
0
0
0
1
1
0
1
0
0
0
0
0
0
0
0
1
0
0
2
1
1
0
0
1
0
0
1
0
2
0
0
0
0
1
1
0
0
0
2
2
0
1
1
1
0
0
0
0
1
0
0
0
0
0
0
2
2
0
0
1
0
0
0
1
1
1
1
0
1
0
0
0
1
0
0
0
0
1
0
0
0
2
1
1
0
1
0
1
0
0
0
0
1
1
1
1
1
2
1
2
0
0
1
0
1
2
2
2
1
0
1
1
0
1
6
32
15
0
0
0
0
0
0
0
0
0
0
0
0
0
