213
0
0
0
0
0
0
0
0
0
0
0
0
0
0
0
0
1
3
11
37
38
13
4
9
6
3
6
0
2
5
7
6
3
4
2
1
4
0
2
1
1
2
2
4
0
3
0
2
2
0
1
0
2
0
0
0
3
1
5
0
0
1
2
1
1
0
1
0
0
1
1
0
0
0
1
1
0
1
0
0
1
1
0
0
1
1
1
1
0
0
0
0
0
0
1
0
1
1
0
1
2
1
0
0
0
0
0
1
0
0
0
1
0
1
1
2
0
0
1
1
0
0
1
1
0
0
1
2
0
1
0
2
1
2
0
0
0
0
1
0
1
1
1
0
1
0
2
0
2
1
1
1
0
1
0
0
1
1
0
0
1
1
0
1
0
1
0
1
0
1
0
0
1
0
0
0
0
2
0
0
0
1
1
1
2
1
1
0
0
0
0
0
0
2
0
0
1
0
1
1
0
0
1
1
0
1
1
0
1
1
1
0
0
1
0
2
1
1
1
0
2
5
0
2
3
2
2
2
1
0
1
0
1
0
0
2
0
0
0
2
1
1
0
1
0
0
0
0
0
2
1
0
2
1
1
1
3
0
1
4
2
2
2
1
1
2
2
2
3
2
3
5
2
3
5
4
0
1
2
1
2
0
1
4
6
4
5
5
3
0
2
2
4
3
8
5
3
4
3
6
2
3
5
5
5
0
3
8
4
5
8
9
5
9
11
3
11
5
7
9
5
10
6
6
9
11
8
7
16
8
14
17
10
8
5
15
15
16
22
20
15
15
15
15
18
16
24
20
18
13
15
13
22
19
15
22
20
18
19
27
17
23
35
19
23
25
34
29
29
27
22
35
35
31
20
24
33
28
23
26
31
33
43
41
31
37
44
40
39
43
48
60
46
47
44
58
52
52
66
74
58
64
66
79
65
58
61
63
90
65
80
71
68
71
79
92
88
81
77
89
79
93
85
99
93
88
111
102
114
100
100
107
132
113
122
105
120
121
143
120
127
115
157
140
149
156
158
172
160
171
182
200
195
189
203
231
243
201
218
211
245
184
235
233
244
238
247
237
282
275
317
256
290
248
322
316
331
296
344
347
383
339
326
375
416
394
383
396
420
411
507
449
475
500
491
547
529
554
612
566
624
595
657
634
659
657
685
681
703
724
814
815
831
802
885
819
981
985
986
996
1059
1050
1103
1107
1146
1201
1214
1264
1311
1190
1220
1069
994
758
538
333
223
116
69
37
16
4
2
0
0
0
0
0
0
0
0
0
0
0
2
2
0
2
0
1
4
0
0
2
0
2
0
1
1
0
0
0
0
0
0
0
1
1
1
0
0
2
0
0
1
1
1
0
0
1
0
0
0
1
0
0
0
2
1
0
0
0
0
0
0
0
0
0
0
0
0
0
0
0
0
0
0
0
0
0
0
0
0
0
0
0
0
0
1
0
0
1
0
0
0
0
0
0
0
0
1
0
1
0
0
0
0
1
0
0
0
0
0
0
1
0
0
0
0
0
0
0
0
0
0
0
0
0
0
0
0
0
0
0
0
1
0
0
0
0
0
0
0
0
0
0
0
2
0
1
0
0
0
0
1
0
0
1
0
0
0
0
0
0
0
0
0
0
0
0
0
0
0
0
0
0
0
0
0
0
0
0
0
0
0
0
0
0
0
0
0
0
0
0
0
0
0
0
0
0
0
0
0
0
0
0
0
0
0
0
0
0
0
0
0
0
0
0
1
0
0
0
0
1
0
0
0
0
0
0
0
0
0
0
0
1
0
0
0
0
0
0
0
0
0
0
0
0
0
0
0
0
0
0
0
1
0
0
0
0
0
1
0
0
1
0
0
0
0
0
0
0
1
0
0
0
0
0
0
0
0
0
0
0
0
0
0
0
0
0
0
0
0
0
1
0
1
0
0
0
0
0
0
0
0
0
1
0
1
0
0
0
0
0
0
0
0
0
1
0
0
0
0
0
0
0
0
0
0
0
0
0
0
0
0
0
0
0
0
0
0
0
0
0
0
0
0
0
0
0
0
0
1
0
0
0
0
0
0
0
0
0
0
0
1
0
0
0
0
1
0
0
0
0
0
0
0
0
0
0
1
0
0
0
0
0
0
1
1
0
0
0
0
0
0
0
0
0
0
0
0
0
0
0
0
1
0
0
0
0
0
0
0
0
0
0
0
0
1
0
0
0
0
0
0
0
0
0
0
0
0
0
0
1
0
0
0
0
0
0
0
0
0
0
0
0
0
0
0
0
0
0
0
0
0
0
0
0
0
0
0
0
0
0
0
0
0
0
0
0
0
0
0
0
0
0
0
0
0
0
0
0
0
