14823
0
0
0
0
0
0
0
0
0
0
0
2
1
1
7
27
110
111
91
262
416
341
344
336
353
345
355
333
321
334
299
303
261
234
282
274
221
223
193
209
192
208
160
178
154
162
149
136
129
122
122
117
108
104
81
94
77
89
83
74
79
70
74
69
54
47
54
50
45
42
35
40
47
39
28
41
26
35
25
33
23
17
32
26
30
20
18
16
17
21
15
13
15
13
16
11
13
7
13
11
5
7
12
4
4
9
8
7
6
3
5
2
8
6
3
6
4
2
6
5
5
3
7
3
2
4
3
0
1
2
2
4
0
1
1
2
4
0
0
2
2
2
0
3
0
0
1
2
0
0
2
0
0
1
1
1
0
2
0
1
0
0
1
0
0
1
0
0
1
0
0
0
1
0
1
0
1
0
1
0
2
0
0
1
0
0
0
0
0
0
0
0
1
0
0
0
0
0
0
0
1
0
0
0
0
0
2
1
0
0
0
0
1
0
0
0
0
0
0
0
0
0
0
0
1
0
0
0
0
0
0
0
0
0
0
0
0
0
0
0
0
0
0
0
0
0
0
0
0
0
0
0
1
0
0
0
0
0
0
0
0
0
0
0
0
0
0
0
0
0
0
0
0
0
1
0
0
1
0
0
0
0
0
0
0
0
0
0
0
0
0
0
1
0
0
0
0
0
0
0
0
0
0
0
0
0
0
0
0
1
0
0
0
1
0
0
0
1
0
1
0
0
0
0
1
1
0
0
0
0
0
0
0
0
0
0
0
0
1
0
0
0
0
0
0
0
0
0
0
0
0
1
0
0
1
0
0
0
0
0
0
0
0
0
0
0
0
0
0
0
0
0
0
0
0
0
1
0
1
0
0
0
0
0
1
0
0
0
0
0
0
0
2
0
0
0
1
1
0
0
0
0
1
0
0
0
1
0
1
0
0
0
1
0
1
0
0
0
0
0
1
0
0
0
0
0
1
0
0
0
0
1
1
1
0
1
0
0
1
0
0
0
0
0
0
0
0
0
2
0
0
0
0
0
0
0
1
0
1
0
1
1
0
0
1
0
0
2
0
1
0
1
1
1
0
0
1
2
0
3
0
1
0
1
1
0
1
0
1
0
2
1
0
0
1
1
1
1
1
1
0
1
2
2
0
1
3
1
0
1
1
1
1
0
4
0
1
0
1
0
1
1
1
2
3
1
7
3
3
2
3
3
1
1
1
0
3
1
1
1
0
3
2
6
2
2
2
1
7
5
9
4
2
2
8
1
4
6
4
6
7
3
5
6
6
5
9
8
8
6
5
5
5
4
8
3
2
9
10
9
9
8
12
5
12
10
12
13
10
8
11
2
3
4
5
1
3
3
2
1
2
0
0
0
1
3
1
0
0
2
1
2
0
1
1
1
2
1
1
1
1
1
3
0
3
2
4
2
4
2
2
1
1
4
2
2
2
1
3
3
2
1
5
5
1
5
6
4
1
5
2
4
4
7
1
3
3
7
4
7
6
6
2
5
2
3
5
2
7
2
7
6
5
15
8
9
6
8
6
8
9
9
5
6
14
6
8
4
11
6
11
4
12
7
15
7
9
15
10
9
11
16
18
10
14
10
11
17
14
16
10
12
14
15
13
16
20
20
18
32
22
17
18
21
16
36
24
28
25
31
32
30
30
28
34
34
32
35
41
40
42
41
60
39
52
55
53
66
62
65
74
59
75
86
99
84
102
96
105
82
132
121
132
124
117
99
152
128
93
86
61
28
25
10
5
1
0
1
0
1
0
0
0
0
0
1
0
1
0
0
0
2
0
0
0
0
1
2
0
2
2
1
0
0
0
0
0
2
1
1
0
1
0
0
1
0
0
0
1
0
1
0
0
1
1
0
0
0
1
2
1
0
1
1
2
1
2
0
0
1
0
0
1
1
2
1
1
0
2
2
5
3
0
3
3
2
5
1
1
3
2
0
2
3
1
3
3
2
4
6
3
4
2
4
2
3
6
3
6
6
10
4
3
11
5
4
4
4
3
2
1
1
1
2
0
0
1
1
0
1
1
4
1
0
0
0
2
0
0
2
1
1
4
1
0
1
0
0
2
2
1
1
1
0
1
2
1
0
2
0
0
0
1
0
0
1
0
0
1
0
0
0
0
0
0
0
0
0
0
0
0
0
0
0
0
0
0
0
0
0
0
0
0
0
0
0
0
0
0
0
0
0
0
0
0
0
0
0
0
0
0
0
0
0
0
0
0
0
0
0
0
0
0
0
0
0
0
0
0
0
0
0
0
0
0
0
0
0
0
0
0
0
0
0
0
0
0
0
0
0
0
0
0
